CLIV Dragacjenosti. Krvava sinoda.
balsam; 133 3313 srebrena 303131303 3313101313, 3311301113 33 10330·
33113 3131030 1 11333010 01101300 1 130311 10113 13330313311313311131

Dragocjenosti pohranjene 3 33010311, 103313 33 303000 3 00-
1330101 3311131111 301 33103010 0313030313 130001131031033,311 13313,
13313 13 0331313 03013110 331113 00113 11103033100 bilo 33133101,
1011 1331013313330, 311 33101303 111331130, 0. pr. god. 1427„ 1313
13 1331010 031031001 bio izvanredni 1 33313111 1313301 namet, a ne-
’ 100333 podmiriti ga niti najamninom 3311130313131 0111 3133111101
3110031, 1013 03111001 1310311 „non 3103 tristicia‘ prisiljen 1100310111(
31310 3030113 1. 1. 131313.8

Krvava sinoda. U XV. vieku, u 101110 103333100, 0113133313 se
0 3101001 crkvi jedna samo 3130133113 111313133333. 10313311 ιι
30313 301. 1461033101301330 133113 1113111313 0333110 Tuz biskupom
· 333331311130, 13 33 1011130 001103 stega u 3031303133 3303313, 3 0
0113 13 33 3013031300 313013 1113103113 33311, pismom 31330103 Bu·

dimu sazove 3031303130 0 310010 03 36. 333113 ι461, 31110 3311
svojih 13130011 3033131 013011 33 33311301. Na 131 301 sabra se
3031303130 ιι 2331310, 311 1313103 3330 0111 13 10130 3111 13 3ι1331ο sebe
303130 01301313 1 311131131030310313, 1011 11 003113333000331301 33-
31311 03030 113103311 0 10133000 1 1031331131οοιο 3010111301310103-
1333 3331303133, 331 13 033330 130 33 3313103 1 300113013 3331331113
133110133110, 13 33130313010 331310301331 31310111 1 1οε 13113133 Gre-
bengradski, podban; Grga 1011033111, 10133 Κο31033, (11030 Briga,
Herman 33 Cave i Gjuro 33 801133 33 3301031 3333101030. 810011 13
3331313130 03031103 330333101 31131 8113330, biskup gjurski.

U subotu 101103 9. maja 33301313 33 313013 0 3101001 03131,
31101313313 3331 330331οι0 3313103013131 301 331110130110131311.
· Dok 30 3313331 0 3101001 33101 333130131 3101311 3100131οἰ 303031
3333333113110 330111 30133131, 3310 30 331303 313331301013130-
30300111 31301131 103 03301110 0111030 33303131330331111 0 0111033
3130033, 30133311 1110133133 1 silom 3303311113 sobe, te ih 3333103
031130111131130 303301111; 33 tim se 333111130 33313, 13 33313313,
3113 11 1011 33313011 0133133, 13 3333313311 putem 13331303 10303
3310333. Marka, koji 13 30331 333101313130 1130 1 1013310110, 03331113
03 01333, te ga 031130113 101013113, 013011 mu brevijar i 00303, 1013
1013 13 033 33 10130. 1003033 13101133 333130113, 1011 13 0 1011331
3031113 3331333 mise 133130 13 03133, 01331113 1 3330110 0311313113.

¹ Doc. 394.
¹ Doc. 48.

 

