Djelokrug gradskoga zasmpstva. LIX

Osim gradskih posjedah 1111111 11 11111111 011111 1 1111111111
10111 za podmirivanje 1110111111 1 111111111111 10111111, 1111 gai
11110 10111111111 1111111011 11 1111111111 1111111111, 111110 11111111
01010111 11111111 111111111. U 01111 spomenicih 111111110 samo 111111
111111111111011111111, 1111111 11. 101111111 1495. 10111111 1111011
111111111111011111810101, 1101111 1111111111111111111011 01·
11110, dade 101 11 11011 111111111; 1 11 101 seza 11 mu izkazanu
111111 101101011111 1111111, 11101110 111 111111110111,101111111111
1111111 01010110111111 111111 101111.1

0101111 11 111111 11111110 1111111110 111110 111101111 11111 11-
1111111111 1 obde, 11111111 110111111, 11 1111111111111, 11 1111111, 11
01011110 1111111111, 111111111 1101111111111110, 111101111 1111111111
11110111 11111111 1 1111111111, 111111 10111111 1111111 1 11111111
gmntovnicu i 110111111111111111111111, 11 11111111 1101111 111101111111
111110111111111011 1111111111, 11111 1101111; 1 ako 11111111 11111111
1111111 11 1101110111 111111111011110111 110 1111101 11111, 11 111 on
11111111. 61111110 1111111110 1101110 11 101011 1111111111 1 101111.
Κο1 111111111 1101111 1111111 111110 seina 10, 11 ne budu 1101011
111111 1111111011 kuke ibdi10, da se 11111 1111111111110110111111,
1111 sigurne 01 11111, 1111111, 11 11 1011111111 10111111 111. Α
sada 111111611101111111110 111111111111 to.

God. 141111 181111111 1111111111111 1111111110111 11111111
Το11111011 1111111 11111, 11011 mu je 111111 10110111, 11111 1111111 sv.
Katarine 110110 11 11 40 for. 1111111111 81111111 8011111111 -
God. 1111111111 1111111 11 1111111111 dinarah prodao je svoje
1111011111, 1101110 11110, 1111111111 (3111.8 - God. 1429. Stojko
1111111 11011 111110 1111111111 1 1111111101 011111 110110 1111 3 101.
11111 811111 1 1111011111 1011111011.4 - God. 1443. na 4. 111111
111111, 11011 11111οό 11111 trgovca, a sada 11111 Gjurina, pred gradskim
zastupstvom 1101111 11 111 1111111 11111 ralih 011111111111 Ζ11101-
1111111111111111111Ρο111111,1 gradskoj 011111, 1111111 11111111
111101 111111 svoga prvoga 11111, 11111111 Κ111111111, 1111111 1111111111
1111111, 11 13 for. i 1011110110111 1111111111 1111111 1111111111111111.ὕ
1111101111 11 11. 1111111111 gradjanin 1111111 Ρ111111, sin Egidov
s 11101011, 110111 11110110111111 01 1111111111111011011 11 1010111

¹ Doc. 381.
¹D00. 18.
⁸D0c. 22.
‘Doc. 56.
ὅ1111. 136.

 

