Cehovi. LXXXI

-—-

10001101001010110100 000101010110, 10 1011110 000101010,(11011 su 100

00 0111011111 11011110 1010 11000 0111101110 1 1000101110 00 001010 0 010·
1101110011 100111 10 0111101 01111.1

810101110011011010 00 0011011 0111011, 1011010 10 10 im 1101001101-
01011000, 0 10 samo tim da ih kruna 0011111, 10001011 g. 1466„ 11010
10 111000 00101100 01100000 0000010 111011 Μο11101110101100 20010110,

10111010 0101 0100οε 11110011, 0110111 100100011, 1 100101110 00, 10
01111010 00110 0011111 1011000 1 0101110, 11011010 0111010 1 11001 0011011
slob. 111011010101011. 111011 110 001110 1001110 1011011, 10 1000101
sada unapried 00110101οι1 00001)οο 1101110 111 0011, 1 10 010110 001100
00 10111 10000 110111οι1 1011000, 1101110111 1010011 1 1101010110100110·
0010,1101111100 medju majstori 1001010011. Ν11010000100101010 0110
011110 1100100 0 01101111,1110111100 1111 obsta, 01101111010101011100
magistrat 11011 01010 00, 101100 01110 101010 00 01011000100101-
pravi 0 0001001 00110. Μο10101010 011110 00 10010 0001011, 1110 11110 001-
0000 11011 010010100010 1 11000 0011 101101101 011100, 0 0011010111 101100
0 0011 primi. 1011010011 01010101 01011110 1000101100 110 1011010 0
0011010110 101100 1 101111 10010 10011010 0011010111 01101, 0 povrh 1000
1011000 1 100101010 001001111 0111010ῐο. Ν110100 1111001, 01101 0110-
100001, 110110110 0 00110, 00 001110 0 01010 1101011100010 01 11001011,
00011 1100 00110 11011, 110110 100 0011010111 101100 10011001 10110 1 010·
111110. Ν1101001000110000 11111100101111100100, 110101 0 1110010 001100,
00 010110 0 20010110 010101011 01 11110000 01 11010010 robe, kakovu
10110 1001111 01000 00110; 01101 11 ιο, 00110 100 0011010111 1001101 za·
011001 robu; 0 001010 0101011110 110001οῃ010, 0011000100001, 00100, 011-
0010111010 1 010100 01011000110, 10 0011010110 0100011100 001111010 1
111000, 1 10 00101010 0 01110111 000101111 00 1010 0101 01010111 sud.²

1010 001100 1 10001 001 1011101 00110000οι01 00111110 10111011
1101110111011010111 0011, 101100 01010 1011111001, 10 0001, 11000 100011,
1100 110110 10100 100010, 01110111 10 100101010, 10010 0101111 0 1100 00·
1101100 1111011010, 0 00110 00 00 000101010, 10 mora dati 1101101100011
10 011010 00 001101011101101, 101111 bismo, da 10 10110 001100 1011010111
0000110110οο 0 100001 011111 01000 011010.1

Godine 1480. 011110010111, 0110101111010000101110011 0110100110
10011011, 0 toga bi prisiljen ceh 00101111110110 Μο111010, 10 100 11-
001100 0011111 0101110, 10 10 111 01010000 100 0011010, 1101110 01
1010 011110011, 011011 1101000011 00110101011 1011000011*

¹ 1100169.
¹ 1100150.
⁸D0c. 25¹·
⁴ Doc. 320.

 

