XX Gradm. Ι1711111. Bolm'cc i uboz'nice.

111011 11000111 33111530 11131110, 003110 13 11103101 1110111511311 1 1310
33 1131301 111111; 03 11310 510131113 11131113 1310 13530 30 3311013110,
10101313001111010510, 3311110 11051110 110030, 1301313 10100130 11011
1 5113313111 511101311.

Da 3001111 1331113110 110 bita ili 11110, 1ο 313 11013511151313 13-
1131131101130130 1110131113ἔίῐί 11113151001, 3 1310 1110133131030 11011
31115311 51 130130010311, 3 1113 51 malo po malo 5311130 13101011101111
33103111 13 govor t. j. 53513110 5111311111013111311351013 1011111110-
131331033 3310031311 1101131.

0131013 1111310 3 XV. vieku 01131331101311010 11310110 0110130,
3 51111111 111 1311330 3ἔο311, 130130 10 111111311111 k 11101 nauci.

Koliko 11310 311101151111 511311 bilo je za 130333 1130510111011,
30333130; 3313310 53310 1103331 00 god. 1422-1435. „scholasticus
Μ3111035“, 10 1315111110, 03 10 03 sam 1100313130, 30 03 51 ο1111ὅ313310
1010 bar 0131110ιί, 1101111110 1111010133 starijemu 1151301311 11103113, 03
1111 1100013110 1103331311 51013 111110311510110.

(313051131110111011311131111 1301303 1 51111113 113051111 1331151131-
51111 111101311311.

Βο13110111110111100. UXIH. 100 11013 (511511. XIX) 33-

01053103 11301101 0110131 3011 13130131 1101310313 1 3101310313 3 0301
0010011131313011311011010111., 101013 50 11305101511011311 00133ἔ1110
1100133 11113113 03111, 1011 bi 11001101υὸ11011111130011311151 31131013
1131113113. Κ30 11 10 1130513 0110133 531130113 110501133 511303 13 31013
bolestnikah i dohranu ubogarah, 31103313 10030 11033310, 3111051011,
0310 0113 100 11113 3 XIV. 11013. Za XV. 1101 ο 101 11013101 1133310
30110 111011011111, 3311110, 03 1011051013131100 3351010111 bl. 0. 11131110,
1 0310310111 i 3101131111 1133110111 u ime 1130510 0110130 3111311130
110501133 51000311 „rector hospitalis“ i 10 god. 1443. Antun; 1. 1451.
Klement i g. 1489. Antun. Za njegubolestnikah i obskrbu 3110131311,
05131 1100130300110131113 1111111113, 10 33111310 03101011311150 1101001-
330311 11130513 10 0110133 doprinosila 1100110111 1301001 10 1101111113
bila, 30 1 11013103 53133 113313 101303 vec' i 510111301101313311 3. pr.
god. 1453. 5110131310εο 3013 0133103 1303101133 1135111051.1

1110111013 1110335110101110111011011113 31013 1101051311 1 1311051010
5111313 1111011111, 3 1 53133 335 1 33131 0030110 33133310, 111101011131
113101111130133311 i ljudih, 1011 bilo zapise, bilo 031010, 33131031030
11013101, 31113131311131111111 101. 11331110 1 101113 1111131013, 1303 50 10-
0130 1493. 1111111110 papi Aleksandru IV. 101101 1130510 bolnice, 03

¹ Doc. 177.

 

